# MVE view meta data is stored in INI-file syntax.
# This file is generated, formatting will get lost.

[camera]
focal_length = 0.5555170774
pixel_aspect = 1
principal_point = 0.5 0.5
radial_distortion = 0 0
rotation = 0.7507799268 -0.6604898572 -0.009091851301 -0.6604542136 -0.7503598928 -0.02757121995 0.01138835121 0.026704669 -0.999578476
translation = 27.78031731 0.9852247238 198.4746399

[view]
id = 9
name = 0009
