# MVE view meta data is stored in INI-file syntax.
# This file is generated, formatting will get lost.

[camera]
focal_length = 0.5555170774
pixel_aspect = 1
principal_point = 0.5 0.5
radial_distortion = 0 0
rotation = 0.7378600836 -0.6749085188 -0.007808127441 -0.6748486757 -0.7374918461 -0.02616982162 0.01190380473 0.02457896993 -0.9996268749
translation = 27.24315453 13.7217989 198.1999969

[view]
id = 3
name = 0003
