# MVE view meta data is stored in INI-file syntax.
# This file is generated, formatting will get lost.

[camera]
focal_length = 0.5554731488
pixel_aspect = 1
principal_point = 0.5 0.5
radial_distortion = 0 0
rotation = 0.726498127 -0.6871254444 -0.007687280886 -0.6871378422 -0.7263146639 -0.01756697707 0.006487331353 0.01804459654 -0.9998160601
translation = 28.62761688 -29.11512756 198.4875946

[view]
id = 13
name = 0013
