# MVE view meta data is stored in INI-file syntax.
# This file is generated, formatting will get lost.

[camera]
focal_length = 0.5554918051
pixel_aspect = 1
principal_point = 0.5 0.5
radial_distortion = 0 0
rotation = 0.7471783161 -0.6642036438 -0.02362378873 -0.6646099091 -0.7469190359 -0.0201428663 -0.004266090691 0.03075091727 -0.9995180368
translation = -21.47795105 23.78239059 198.6473236

[view]
id = 0
name = 0000
