# MVE view meta data is stored in INI-file syntax.
# This file is generated, formatting will get lost.

[camera]
focal_length = 0.5555170774
pixel_aspect = 1
principal_point = 0.5 0.5
radial_distortion = 0 0
rotation = 0.6885361075 -0.725112915 -0.01137425378 -0.7249355316 -0.6886236668 0.01631093211 -0.01965984702 -0.002985065337 -0.999802351
translation = -23.27063751 -35.77417755 198.2112579

[view]
id = 2
name = 0002
