# MVE view meta data is stored in INI-file syntax.
# This file is generated, formatting will get lost.

[camera]
focal_length = 0.5555163622
pixel_aspect = 1
principal_point = 0.5 0.5
radial_distortion = 0 0
rotation = 0.7754366398 -0.6313256621 -0.01122239977 -0.6313760877 -0.775031805 -0.02626916021 0.00788667798 0.02745562419 -0.9995920658
translation = 29.61821175 -11.77847862 198.8827667

[view]
id = 1
name = 0001
