# MVE view meta data is stored in INI-file syntax.
# This file is generated, formatting will get lost.

[camera]
focal_length = 0.555508852
pixel_aspect = 1
principal_point = 0.5 0.5
radial_distortion = 0 0
rotation = 0.7474036217 -0.663985312 -0.02261327207 -0.6643614173 -0.7471364737 -0.02027196065 -0.00343491789 0.03017472103 -0.9995387793
translation = -21.63796616 23.78776741 198.6287842

[view]
id = 0
name = 0000
