# MVE view meta data is stored in INI-file syntax.
# This file is generated, formatting will get lost.

[camera]
focal_length = 0.5555170774
pixel_aspect = 1
principal_point = 0.5 0.5
radial_distortion = 0 0
rotation = 0.7834089994 -0.6212875843 -0.01649696566 -0.6214966774 -0.7829706669 -0.02643692866 0.003508295398 0.03096373752 -0.9995144606
translation = -20.68677139 -3.297615051 199.2619781

[view]
id = 4
name = 0004
