# MVE view meta data is stored in INI-file syntax.
# This file is generated, formatting will get lost.

[camera]
focal_length = 0.5554918051
pixel_aspect = 1
principal_point = 0.5 0.5
radial_distortion = 0 0
rotation = 0.7332130075 -0.67985636 -0.01393121574 -0.6799886823 -0.7329344749 -0.02055714652 0.003765237518 0.02454583719 -0.9996917248
translation = 28.36657524 12.83139801 198.2840729

[view]
id = 4
name = 0004
