# MVE view meta data is stored in INI-file syntax.
# This file is generated, formatting will get lost.

[camera]
focal_length = 0.555508852
pixel_aspect = 1
principal_point = 0.5 0.5
radial_distortion = 0 0
rotation = 0.7839461565 -0.6205202937 -0.01956908591 -0.6208273768 -0.7836232185 -0.02254332416 -0.001346198842 0.02982177772 -0.9995543957
translation = -20.19476509 -3.931630135 199.2824402

[view]
id = 5
name = 0005
