# MVE view meta data is stored in INI-file syntax.
# This file is generated, formatting will get lost.

[camera]
focal_length = 0.555508852
pixel_aspect = 1
principal_point = 0.5 0.5
radial_distortion = 0 0
rotation = 0.7521290779 -0.6589903831 -0.005793597549 -0.6590064764 -0.7520428896 -0.01193661708 0.003509082133 0.01279589627 -0.999912262
translation = 24.37788773 38.92182159 197.6631775

[view]
id = 3
name = 0003
