# MVE view meta data is stored in INI-file syntax.
# This file is generated, formatting will get lost.

[camera]
focal_length = 0.555508852
pixel_aspect = 1
principal_point = 0.5 0.5
radial_distortion = 0 0
rotation = 0.7716436386 -0.6357185841 -0.02068758011 -0.636054635 -0.7712751627 -0.02385834605 -0.0007886225358 0.03156857193 -0.9995013475
translation = -21.58832169 10.04934502 199.0183411

[view]
id = 10
name = 0010
