# MVE view meta data is stored in INI-file syntax.
# This file is generated, formatting will get lost.

[camera]
focal_length = 0.5555163622
pixel_aspect = 1
principal_point = 0.5 0.5
radial_distortion = 0 0
rotation = 0.7266974449 -0.6869048476 -0.008519876748 -0.6869348884 -0.726516366 -0.01715919189 0.005596902221 0.01832214184 -0.9998165369
translation = 28.77578545 -29.15910721 198.4554138

[view]
id = 10
name = 0010
