# MVE view meta data is stored in INI-file syntax.
# This file is generated, formatting will get lost.

[camera]
focal_length = 0.5554731488
pixel_aspect = 1
principal_point = 0.5 0.5
radial_distortion = 0 0
rotation = 0.6886493564 -0.7249640226 -0.01375670359 -0.7247858047 -0.6887857914 0.01611302607 -0.02115678787 -0.001125561073 -0.9997755289
translation = -22.88924408 -35.78954697 198.2728882

[view]
id = 4
name = 0004
