# MVE view meta data is stored in INI-file syntax.
# This file is generated, formatting will get lost.

[camera]
focal_length = 0.5554918051
pixel_aspect = 1
principal_point = 0.5 0.5
radial_distortion = 0 0
rotation = 0.7838259935 -0.6206464767 -0.02036831342 -0.620978117 -0.7834932804 -0.02290285937 -0.00174385868 0.03060013242 -0.9995301962
translation = -20.06807899 -3.878867149 199.2894745

[view]
id = 5
name = 0005
