# MVE view meta data is stored in INI-file syntax.
# This file is generated, formatting will get lost.

[camera]
focal_length = 0.5554731488
pixel_aspect = 1
principal_point = 0.5 0.5
radial_distortion = 0 0
rotation = 0.6263781786 -0.7794168591 0.01263790764 -0.7794786096 -0.6260973215 0.02037802525 -0.007970416918 -0.02261533029 -0.9997124672
translation = -2.936850786 0.9821953773 198.7002716

[view]
id = 10
name = 0010
