# MVE view meta data is stored in INI-file syntax.
# This file is generated, formatting will get lost.

[camera]
focal_length = 0.5554918051
pixel_aspect = 1
principal_point = 0.5 0.5
radial_distortion = 0 0
rotation = 0.751630187 -0.6595568657 -0.006066256203 -0.6595767736 -0.7515438795 -0.01184680872 0.003254585899 0.01290558092 -0.9999114275
translation = 24.46723175 38.93467331 197.6676483

[view]
id = 3
name = 0003
