# MVE view meta data is stored in INI-file syntax.
# This file is generated, formatting will get lost.

[camera]
focal_length = 0.5555170774
pixel_aspect = 1
principal_point = 0.5 0.5
radial_distortion = 0 0
rotation = 0.7269880772 -0.6866008639 -0.008221080527 -0.6866256595 -0.7268090248 -0.01714087464 0.005793784745 0.0181060154 -0.9998192787
translation = 28.70765305 -29.14135742 198.4621429

[view]
id = 10
name = 0010
