# MVE view meta data is stored in INI-file syntax.
# This file is generated, formatting will get lost.

[camera]
focal_length = 0.5554731488
pixel_aspect = 1
principal_point = 0.5 0.5
radial_distortion = 0 0
rotation = 0.7472871542 -0.6641238928 -0.02239228226 -0.6644910574 -0.7470384836 -0.01964237355 -0.003682922572 0.02955796383 -0.9995567799
translation = -21.66871262 23.63132858 198.6384277

[view]
id = 1
name = 0001
