# MVE view meta data is stored in INI-file syntax.
# This file is generated, formatting will get lost.

[camera]
focal_length = 0.5555163622
pixel_aspect = 1
principal_point = 0.5 0.5
radial_distortion = 0 0
rotation = 0.7368213534 -0.6760807037 -0.003034807276 -0.6759785414 -0.7366145849 -0.02126180939 0.01213921607 0.01771762036 -0.9997694492
translation = 25.67806625 26.26852798 197.9776764

[view]
id = 5
name = 0005
