# MVE view meta data is stored in INI-file syntax.
# This file is generated, formatting will get lost.

[camera]
focal_length = 0.5554731488
pixel_aspect = 1
principal_point = 0.5 0.5
radial_distortion = 0 0
rotation = 0.7764140368 -0.6299536228 -0.01843092032 -0.6302119493 -0.7762428522 -0.01673911512 -0.003762000706 0.02461187169 -0.9996901751
translation = -19.29022408 -18.40334702 199.6051178

[view]
id = 7
name = 0007
