# MVE view meta data is stored in INI-file syntax.
# This file is generated, formatting will get lost.

[camera]
focal_length = 0.5554731488
pixel_aspect = 1
principal_point = 0.5 0.5
radial_distortion = 0 0
rotation = 0.6408481002 -0.7675666809 0.01246029139 -0.7676677704 -0.6407626867 0.01049587689 -7.219938561e-05 -0.0162916258 -0.9998677969
translation = -2.188648224 16.2868309 198.6523743

[view]
id = 2
name = 0002
