# MVE view meta data is stored in INI-file syntax.
# This file is generated, formatting will get lost.

[camera]
focal_length = 0.555508852
pixel_aspect = 1
principal_point = 0.5 0.5
radial_distortion = 0 0
rotation = 0.7376519442 -0.6748129725 -0.02229651064 -0.6751669049 -0.7374486923 -0.01786056533 -0.004389991984 0.02822874486 -0.9995918274
translation = -21.93623543 37.28422546 198.3184967

[view]
id = 7
name = 0007
