# MVE view meta data is stored in INI-file syntax.
# This file is generated, formatting will get lost.

[camera]
focal_length = 0.5555163622
pixel_aspect = 1
principal_point = 0.5 0.5
radial_distortion = 0 0
rotation = 0.6438013315 -0.7650339007 0.01559445821 -0.7651924491 -0.643648982 0.01404749695 -0.0007094591856 -0.02097655647 -0.9997801781
translation = -6.734761238 -37.98759842 197.7574158

[view]
id = 7
name = 0007
