# MVE view meta data is stored in INI-file syntax.
# This file is generated, formatting will get lost.

[camera]
focal_length = 0.5555170774
pixel_aspect = 1
principal_point = 0.5 0.5
radial_distortion = 0 0
rotation = 0.776397109 -0.6300367117 -0.01616222411 -0.6302421093 -0.7762020826 -0.01747190766 -0.001537206117 0.02375125326 -0.9997167587
translation = -19.65725708 -18.24598312 199.5731354

[view]
id = 8
name = 0008
