# MVE view meta data is stored in INI-file syntax.
# This file is generated, formatting will get lost.

[camera]
focal_length = 0.5554918051
pixel_aspect = 1
principal_point = 0.5 0.5
radial_distortion = 0 0
rotation = 0.78787148 -0.615629077 0.01610767096 -0.6153619289 -0.7880209684 -0.01878016442 0.02425479516 0.004884308204 -0.9996938705
translation = -8.42564106 36.10745621 197.6040039

[view]
id = 11
name = 0011
