# MVE view meta data is stored in INI-file syntax.
# This file is generated, formatting will get lost.

[camera]
focal_length = 0.5554731488
pixel_aspect = 1
principal_point = 0.5 0.5
radial_distortion = 0 0
rotation = 0.7376474738 -0.6748298407 -0.02192831039 -0.6751666069 -0.7374836206 -0.01637005433 -0.005124768242 0.02688059211 -0.9996255636
translation = -21.99280548 36.98746872 198.3396454

[view]
id = 8
name = 0008
