# MVE view meta data is stored in INI-file syntax.
# This file is generated, formatting will get lost.

[camera]
focal_length = 0.5554731488
pixel_aspect = 1
principal_point = 0.5 0.5
radial_distortion = 0 0
rotation = 0.6654496789 -0.7463147044 0.01383000985 -0.7464287877 -0.6652097702 0.01846157759 -0.004578291904 -0.02260836586 -0.9997344017
translation = -4.575174332 -25.61810303 198.1017609

[view]
id = 14
name = 0014
