# MVE view meta data is stored in INI-file syntax.
# This file is generated, formatting will get lost.

[camera]
focal_length = 0.5554731488
pixel_aspect = 1
principal_point = 0.5 0.5
radial_distortion = 0 0
rotation = 0.774944067 -0.6319393516 -0.01069705933 -0.6319829822 -0.7745697498 -0.02529874258 0.007701653522 0.02636546828 -0.9996230602
translation = 29.50556946 -11.96447945 198.8877563

[view]
id = 3
name = 0003
