# MVE view meta data is stored in INI-file syntax.
# This file is generated, formatting will get lost.

[camera]
focal_length = 0.5555163622
pixel_aspect = 1
principal_point = 0.5 0.5
radial_distortion = 0 0
rotation = 0.7505891323 -0.6607035398 -0.009309853427 -0.6606744528 -0.7501685619 -0.02750418708 0.01118815597 0.0267951265 -0.999578476
translation = 27.8324585 0.9698085785 198.4659882

[view]
id = 9
name = 0009
