# MVE view meta data is stored in INI-file syntax.
# This file is generated, formatting will get lost.

[camera]
focal_length = 0.5554731488
pixel_aspect = 1
principal_point = 0.5 0.5
radial_distortion = 0 0
rotation = 0.752938509 -0.65808779 -0.002038083039 -0.6580681205 -0.7528830767 -0.01065935846 0.005480355583 0.009367038496 -0.9999412298
translation = 23.73231506 38.65815735 197.7011566

[view]
id = 15
name = 0015
