# MVE view meta data is stored in INI-file syntax.
# This file is generated, formatting will get lost.

[camera]
focal_length = 0.5555163622
pixel_aspect = 1
principal_point = 0.5 0.5
radial_distortion = 0 0
rotation = 0.6269011497 -0.7789973617 0.01257307269 -0.7790647149 -0.6266411543 0.01947079599 -0.007288892288 -0.02200150117 -0.9997314215
translation = -2.902484894 1.169805288 198.6908264

[view]
id = 6
name = 0006
