# MVE view meta data is stored in INI-file syntax.
# This file is generated, formatting will get lost.

[camera]
focal_length = 0.5554731488
pixel_aspect = 1
principal_point = 0.5 0.5
radial_distortion = 0 0
rotation = 0.7835026979 -0.6211138964 -0.01846772432 -0.6213883162 -0.7831468582 -0.0236129798 0.0002034073696 0.02997646108 -0.999550581
translation = -20.35788918 -3.795455933 199.2820587

[view]
id = 6
name = 0006
