# MVE view meta data is stored in INI-file syntax.
# This file is generated, formatting will get lost.

[camera]
focal_length = 0.5554918051
pixel_aspect = 1
principal_point = 0.5 0.5
radial_distortion = 0 0
rotation = 0.626214385 -0.7795801163 0.01050585788 -0.7795841694 -0.6259276867 0.02151511237 -0.01019684691 -0.02166327462 -0.9997133017
translation = -2.570065737 0.8570184708 198.7076874

[view]
id = 8
name = 0008
