# MVE view meta data is stored in INI-file syntax.
# This file is generated, formatting will get lost.

[camera]
focal_length = 0.555508852
pixel_aspect = 1
principal_point = 0.5 0.5
radial_distortion = 0 0
rotation = 0.7354054451 -0.6775479317 -0.01037268713 -0.6776021719 -0.735159874 -0.01988175325 0.005845258012 0.02164970525 -0.9997484684
translation = 26.85579681 26.02444077 197.9803925

[view]
id = 6
name = 0006
