# MVE view meta data is stored in INI-file syntax.
# This file is generated, formatting will get lost.

[camera]
focal_length = 0.5555170774
pixel_aspect = 1
principal_point = 0.5 0.5
radial_distortion = 0 0
rotation = 0.7760505676 -0.6305831671 -0.01050591562 -0.6306059361 -0.7756245136 -0.02725446783 0.009037564509 0.02777593769 -0.99957335
translation = 29.49583054 -11.60891438 198.9108276

[view]
id = 1
name = 0001
