# MVE view meta data is stored in INI-file syntax.
# This file is generated, formatting will get lost.

[camera]
focal_length = 0.555508852
pixel_aspect = 1
principal_point = 0.5 0.5
radial_distortion = 0 0
rotation = 0.6406546235 -0.7677475214 0.01120552979 -0.7678288221 -0.6405698061 0.01049361844 -0.0008785282262 -0.01532671321 -0.9998826981
translation = -1.971171618 16.34708405 198.661911

[view]
id = 2
name = 0002
