# MVE view meta data is stored in INI-file syntax.
# This file is generated, formatting will get lost.

[camera]
focal_length = 0.5555170774
pixel_aspect = 1
principal_point = 0.5 0.5
radial_distortion = 0 0
rotation = 0.7366768122 -0.6762303114 -0.004467479885 -0.6761721373 -0.7364844084 -0.01954877377 0.009929243475 0.0174219124 -0.9997990131
translation = 25.88874817 25.9789238 197.9901428

[view]
id = 5
name = 0005
