# MVE view meta data is stored in INI-file syntax.
# This file is generated, formatting will get lost.

[camera]
focal_length = 0.5554731488
pixel_aspect = 1
principal_point = 0.5 0.5
radial_distortion = 0 0
rotation = 0.6440211535 -0.7648720741 0.0144056445 -0.7650068998 -0.6438777447 0.01364259794 -0.001159369946 -0.01980653778 -0.9998033047
translation = -6.549200058 -37.94103622 197.7980804

[view]
id = 9
name = 0009
