# MVE view meta data is stored in INI-file syntax.
# This file is generated, formatting will get lost.

[camera]
focal_length = 0.5554731488
pixel_aspect = 1
principal_point = 0.5 0.5
radial_distortion = 0 0
rotation = 0.7496337891 -0.6617812514 -0.009735556319 -0.6617720723 -0.7492312193 -0.02665105462 0.01034298539 0.02642124891 -0.9995974302
translation = 27.8662262 0.7956190109 198.471405

[view]
id = 12
name = 0012
