# MVE view meta data is stored in INI-file syntax.
# This file is generated, formatting will get lost.

[camera]
focal_length = 0.5554918051
pixel_aspect = 1
principal_point = 0.5 0.5
radial_distortion = 0 0
rotation = 0.776843667 -0.6293564439 -0.02060029656 -0.6296660304 -0.7766997814 -0.01607302576 -0.005884581711 0.02545753494 -0.9996587038
translation = -18.95275307 -18.49542236 199.603241

[view]
id = 9
name = 0009
