# MVE view meta data is stored in INI-file syntax.
# This file is generated, formatting will get lost.

[camera]
focal_length = 0.5554731488
pixel_aspect = 1
principal_point = 0.5 0.5
radial_distortion = 0 0
rotation = 0.73514992 -0.6778807044 -0.005686825141 -0.6778592467 -0.7349779606 -0.01773218066 0.007840612903 0.01689067855 -0.9998266697
translation = 26.08462715 25.63147736 198.0444794

[view]
id = 11
name = 0011
