# MVE view meta data is stored in INI-file syntax.
# This file is generated, formatting will get lost.

[camera]
focal_length = 0.555508852
pixel_aspect = 1
principal_point = 0.5 0.5
radial_distortion = 0 0
rotation = 0.6265426874 -0.7792975307 0.01182286255 -0.77933079 -0.6262433529 0.02153029293 -0.009374516085 -0.02270356938 -0.9996987581
translation = -2.793519258 0.8484187126 198.7002869

[view]
id = 8
name = 0008
