# MVE view meta data is stored in INI-file syntax.
# This file is generated, formatting will get lost.

[camera]
focal_length = 0.5554918051
pixel_aspect = 1
principal_point = 0.5 0.5
radial_distortion = 0 0
rotation = 0.7344021797 -0.6786438823 -0.009796246886 -0.6786920428 -0.7341839075 -0.01875693537 0.005537033547 0.02042376809 -0.9997764826
translation = 26.81146622 25.86589813 197.9939575

[view]
id = 6
name = 0006
