# MVE view meta data is stored in INI-file syntax.
# This file is generated, formatting will get lost.

[camera]
focal_length = 0.5555170774
pixel_aspect = 1
principal_point = 0.5 0.5
radial_distortion = 0 0
rotation = 0.644220829 -0.764678061 0.0157142859 -0.7648394704 -0.6440882683 0.01306605339 0.0001300633885 -0.02043633163 -0.9997911453
translation = -6.750900269 -37.81023788 197.7906342

[view]
id = 7
name = 0007
