# MVE view meta data is stored in INI-file syntax.
# This file is generated, formatting will get lost.

[camera]
focal_length = 0.555508852
pixel_aspect = 1
principal_point = 0.5 0.5
radial_distortion = 0 0
rotation = 0.6286888719 -0.7775542736 0.01264264248 -0.7775912285 -0.6283416748 0.02322462201 -0.01011450589 -0.02443186939 -0.999650836
translation = -4.127623558 -13.03508186 198.3007355

[view]
id = 1
name = 0001
