# MVE view meta data is stored in INI-file syntax.
# This file is generated, formatting will get lost.

[camera]
focal_length = 0.555508852
pixel_aspect = 1
principal_point = 0.5 0.5
radial_distortion = 0 0
rotation = 0.7362997532 -0.6765167713 -0.01370458305 -0.6766139269 -0.7358789444 -0.02600997873 0.007511274889 0.02842385136 -0.999568224
translation = 28.20607948 13.68839931 198.1533508

[view]
id = 4
name = 0004
