# MVE view meta data is stored in INI-file syntax.
# This file is generated, formatting will get lost.

[camera]
focal_length = 0.5555170774
pixel_aspect = 1
principal_point = 0.5 0.5
radial_distortion = 0 0
rotation = 0.6657947302 -0.7459909916 0.01465479191 -0.7461284399 -0.665578723 0.01724180579 -0.003108314238 -0.02241386101 -0.9997439384
translation = -4.696643829 -25.39126968 198.1128998

[view]
id = 11
name = 0011
