# MVE view meta data is stored in INI-file syntax.
# This file is generated, formatting will get lost.

[camera]
focal_length = 0.5555163622
pixel_aspect = 1
principal_point = 0.5 0.5
radial_distortion = 0 0
rotation = 0.7762849331 -0.6301751137 -0.01615679823 -0.630379796 -0.7760978937 -0.01712968014 -0.001744558569 0.02348243259 -0.9997228384
translation = -19.66779137 -18.31700897 199.5599823

[view]
id = 8
name = 0008
