# MVE view meta data is stored in INI-file syntax.
# This file is generated, formatting will get lost.

[camera]
focal_length = 0.555508852
pixel_aspect = 1
principal_point = 0.5 0.5
radial_distortion = 0 0
rotation = 0.7882213593 -0.6151618361 0.01682583243 -0.6149101853 -0.7883919477 -0.01800987311 0.02434432879 0.003849394619 -0.9996966124
translation = -8.555742264 35.95799637 197.6193848

[view]
id = 11
name = 0011
