# MVE view meta data is stored in INI-file syntax.
# This file is generated, formatting will get lost.

[camera]
focal_length = 0.5555170774
pixel_aspect = 1
principal_point = 0.5 0.5
radial_distortion = 0 0
rotation = 0.6288181543 -0.7774301767 0.01379255485 -0.7775233984 -0.6285425425 0.01980613545 -0.006728679873 -0.02317849174 -0.9997091293
translation = -4.300401688 -12.48783684 198.3314056

[view]
id = 0
name = 0000
