# MVE view meta data is stored in INI-file syntax.
# This file is generated, formatting will get lost.

[camera]
focal_length = 0.5554918051
pixel_aspect = 1
principal_point = 0.5 0.5
radial_distortion = 0 0
rotation = 0.7714499235 -0.6359274387 -0.02147820964 -0.6362891197 -0.7710673809 -0.02431517094 -0.001098463312 0.03242428601 -0.9994735718
translation = -21.461689 10.13061905 199.0200958

[view]
id = 10
name = 0010
