# MVE view meta data is stored in INI-file syntax.
# This file is generated, formatting will get lost.

[camera]
focal_length = 0.5554731488
pixel_aspect = 1
principal_point = 0.5 0.5
radial_distortion = 0 0
rotation = 0.7713188529 -0.6361281872 -0.02020295523 -0.6364489794 -0.7709281445 -0.02454634942 3.959797323e-05 0.03179121017 -0.9994945526
translation = -21.65208817 10.11436844 199.0098419

[view]
id = 16
name = 0016
