# MVE view meta data is stored in INI-file syntax.
# This file is generated, formatting will get lost.

[camera]
focal_length = 0.5555163622
pixel_aspect = 1
principal_point = 0.5 0.5
radial_distortion = 0 0
rotation = 0.6883138418 -0.725323379 -0.01141190808 -0.7251362205 -0.688401103 0.0168023482 -0.02004309744 -0.003290105145 -0.9997942448
translation = -23.28087997 -35.87648773 198.1949005

[view]
id = 2
name = 0002
