# MVE view meta data is stored in INI-file syntax.
# This file is generated, formatting will get lost.

[camera]
focal_length = 0.5555170774
pixel_aspect = 1
principal_point = 0.5 0.5
radial_distortion = 0 0
rotation = 0.6270314455 -0.7788876295 0.0128666833 -0.7789678574 -0.6267898083 0.0185370259 -0.006373554934 -0.02164603025 -0.999745369
translation = -2.951586008 1.320953131 198.7042389

[view]
id = 6
name = 0006
