# MVE view meta data is stored in INI-file syntax.
# This file is generated, formatting will get lost.

[camera]
focal_length = 0.5555163622
pixel_aspect = 1
principal_point = 0.5 0.5
radial_distortion = 0 0
rotation = 0.665453732 -0.7462915778 0.01484113093 -0.7464299798 -0.6652159691 0.01816798188 -0.00368605461 -0.02316781692 -0.999724865
translation = -4.723761559 -25.55001068 198.0805817

[view]
id = 11
name = 0011
