# MVE view meta data is stored in INI-file syntax.
# This file is generated, formatting will get lost.

[camera]
focal_length = 0.5554731488
pixel_aspect = 1
principal_point = 0.5 0.5
radial_distortion = 0 0
rotation = 0.6282655001 -0.7778824568 0.01347014122 -0.7779631615 -0.6279759407 0.02048310824 -0.0074745249 -0.02334810235 -0.9996994734
translation = -4.266142845 -12.63191605 198.3300171

[view]
id = 0
name = 0000
