# MVE view meta data is stored in INI-file syntax.
# This file is generated, formatting will get lost.

[camera]
focal_length = 0.5554918051
pixel_aspect = 1
principal_point = 0.5 0.5
radial_distortion = 0 0
rotation = 0.7373091578 -0.6751577854 -0.02317515947 -0.6755356789 -0.7371159792 -0.01764701679 -0.005168261006 0.02866695449 -0.9995756149
translation = -21.78923798 37.27551651 198.3399353

[view]
id = 7
name = 0007
