# MVE view meta data is stored in INI-file syntax.
# This file is generated, formatting will get lost.

[camera]
focal_length = 0.5555163622
pixel_aspect = 1
principal_point = 0.5 0.5
radial_distortion = 0 0
rotation = 0.7833906412 -0.6213244796 -0.01596801542 -0.6215191483 -0.7829693556 -0.02594222873 0.003616075963 0.03024732694 -0.9995360374
translation = -20.776371 -3.383800507 199.2484894

[view]
id = 4
name = 0004
