# MVE view meta data is stored in INI-file syntax.
# This file is generated, formatting will get lost.

[camera]
focal_length = 0.5554918051
pixel_aspect = 1
principal_point = 0.5 0.5
radial_distortion = 0 0
rotation = 0.6404239535 -0.7679567337 0.009983333759 -0.768020153 -0.6403436661 0.01025497727 -0.001482614316 -0.014234934 -0.9998977184
translation = -1.763693333 16.39809418 198.6652069

[view]
id = 2
name = 0002
