# MVE view meta data is stored in INI-file syntax.
# This file is generated, formatting will get lost.

[camera]
focal_length = 0.5554731488
pixel_aspect = 1
principal_point = 0.5 0.5
radial_distortion = 0 0
rotation = 0.7342982292 -0.6787685752 -0.00891259592 -0.6787807345 -0.734031558 -0.0213193465 0.007928774692 0.02170445584 -0.9997330904
translation = 27.46162033 12.90063858 198.2962494

[view]
id = 5
name = 0005
