# MVE view meta data is stored in INI-file syntax.
# This file is generated, formatting will get lost.

[camera]
focal_length = 0.5554731488
pixel_aspect = 1
principal_point = 0.5 0.5
radial_distortion = 0 0
rotation = 0.7884716988 -0.6147988439 0.01829460263 -0.614541471 -0.7886782885 -0.01803700998 0.02551769093 0.002978879958 -0.9996699095
translation = -8.799264908 35.89663696 197.5779877

[view]
id = 17
name = 0017
