# MVE view meta data is stored in INI-file syntax.
# This file is generated, formatting will get lost.

[camera]
focal_length = 0.5554918051
pixel_aspect = 1
principal_point = 0.5 0.5
radial_distortion = 0 0
rotation = 0.6285799742 -0.7776615024 0.01139171422 -0.7776686549 -0.6282455921 0.02321346477 -0.01089542359 -0.02345049754 -0.9996656179
translation = -3.914602995 -13.03712463 198.30513

[view]
id = 1
name = 0001
