# MVE view meta data is stored in INI-file syntax.
# This file is generated, formatting will get lost.

[camera]
focal_length = 0.5555163622
pixel_aspect = 1
principal_point = 0.5 0.5
radial_distortion = 0 0
rotation = 0.7383882999 -0.6743303537 -0.007837723941 -0.6742459536 -0.7379683256 -0.02820930816 0.01323839836 0.02611397766 -0.999571681
translation = 27.27688217 14.05871773 198.202652

[view]
id = 3
name = 0003
