# MVE view meta data is stored in INI-file syntax.
# This file is generated, formatting will get lost.

[camera]
focal_length = 0.555508852
pixel_aspect = 1
principal_point = 0.5 0.5
radial_distortion = 0 0
rotation = 0.776809752 -0.6294258237 -0.01974207908 -0.6297116876 -0.7766704559 -0.01568744332 -0.005459008738 0.02461797744 -0.9996819496
translation = -19.09288979 -18.54191971 199.5964203

[view]
id = 9
name = 0009
