# MVE view meta data is stored in INI-file syntax.
# This file is generated, formatting will get lost.

[camera]
focal_length = 0.5555163622
pixel_aspect = 1
principal_point = 0.5 0.5
radial_distortion = 0 0
rotation = 0.6286351085 -0.777572453 0.01410347316 -0.7776702046 -0.6283475161 0.02020734735 -0.006850794889 -0.02367089875 -0.9996962547
translation = -4.34330225 -12.55916786 198.3093109

[view]
id = 0
name = 0000
